10110010 11010101 11111000 11010001
01100101 11110000 11101101 00000000
11100001 11001001 11111101 11100011
00110101 10001011 11110011 11000101
10101101 11010110 10110111 00100111
10111000 10001101 10010011 01000110
01111100 10000001 11000000 00000010
10101011 10011100 10110111 01010000
00110111 11010100 10010000 01110110
00010100 11010011 10100101 11000110
01010000 11010000 11000110 10101011
10101111 10101110 11010101 10000011
11001000 10111101 11011101 00101010
11000110 10110000 11111111 11101011
10100010 10100100 10011100 10110010
11111001 10010111 11011001 00001010
10001110 11110000 11010001 10010000
01110001 10010100 11011001 01010100
11001001 11010111 11100000 10101100
10010001 10001001 10011001 00110011
00101101 10100101 11101011 11010101
00110010 11010110 11100101 00111011
00001011 11110110 11101001 00010011
10100010 10100000 11110000 10010110
01000100 10100010 11110111 00001011
01110111 11011010 10011111 11011110
10100111 10100111 11101000 01110100
11000001 11100010 11011101 11010011
10000010 11001111 11100010 10111110
11101111 10101100 10101001 01101000
